1922	1.0	143.439
1925	4.0	118.268005
1926	4.0	98.4165
1927	16.0	114.63831
1928	11.0	108.90437
1929	23.0	106.48231
1930	16.0	121.55768
1931	9.0	100.14389
1932	4.0	110.728
1933	4.0	129.16324
1934	8.0	94.37062
1935	13.0	106.68354
1936	8.0	92.119125
1937	9.0	106.97188
1938	5.0	148.001
1939	17.0	86.829414
1940	23.0	99.19148
1941	9.0	91.35066
1942	11.0	100.75054
1943	6.0	118.66367
1944	9.0	121.48889
1945	10.0	120.94041
1946	16.0	110.66188
1947	26.0	111.576645
1948	8.0	109.89701
1949	26.0	109.86424
1950	29.0	107.43852
1951	28.0	116.41343
1952	20.0	110.2974
1953	51.0	122.24274
1954	46.0	117.898735
1955	104.0	111.33823
1956	207.0	114.40979
1957	204.0	112.82211
1958	195.0	115.1966
1959	188.0	121.575806
1960	155.0	119.43591
1961	210.0	118.590256
1962	205.0	120.17194
1963	334.0	116.95582
1964	314.0	116.966286
1965	351.0	114.80619
1966	478.0	119.25915
1967	631.0	120.03333
1968	676.0	119.231575
1969	772.0	120.30474
1970	792.0	121.21301
1971	728.0	124.69075
1972	828.0	124.78421
1973	925.0	123.81879
1974	744.0	125.35857
1975	897.0	125.206345
1976	755.0	126.01543
1977	907.0	130.9719
1978	1035.0	127.70687
1979	1065.0	128.82434
1980	1112.0	129.78857
1981	1119.0	130.3702
1982	1240.0	128.61375
1983	1155.0	129.11934
1984	1120.0	128.97531
1985	1285.0	127.31284
1986	1475.0	126.45395
1987	1825.0	126.80911
1988	1981.0	123.877014
1989	2363.0	122.88243
1990	2486.0	124.01179
1991	3076.0	124.1276
1992	3375.0	123.899895
1993	3670.0	122.95038
1994	4181.0	125.26011
1995	4646.0	125.087074
1996	4979.0	124.48243
1997	5116.0	125.86325
1998	5490.0	125.97359
1999	6441.0	124.91948
2000	6745.0	124.619354
2001	7561.0	125.536575
2002	8165.0	124.48719
2003	9494.0	124.94977
2004	10347.0	124.79071
2005	12202.0	124.96439
2006	12981.0	124.36399
2007	13562.0	124.496315
2008	12031.0	124.68947
2009	10626.0	124.54739
2010	3288.0	125.26315
2011	1.0	143.005
